mdgps
[24 14 21 11 17 18 19 23 20 16  6 13  1 15  8 22 12  9  7  4  3  2 10  5  0]

bmdgps
[12 10  8 14 17  7 15 16 18  6 23 13 11 24 20  9  5 21 22 19  3  4  2  0 1]

dmdgps1
[24 19 17 21 23 10 16 15 14 13 20 12 22 18  8  6 11  7  5  4  9  3  2  0 1]



GPS 0

itr00 | [3 1 4 2 5 0] | 965.669923
itr01 | [3 5 1 4 0 2] | 1026.383365
itr02 | [5 1 2 3 0 4] | 3149.554470
itr03 | [4 0 3 5 1 2] | 1957.375263
itr04 | [1 2 4 3 5 0] | 946.695423
itr05 | [2 3 4 0 1 5] | 675.744789
itr06 | [2 3 4 0 5 1] | 620.368757
itr07 | [1 4 2 3 0 5] | 901.373091
itr08 | [0 2 1 5 3 4] | 838.159405
itr09 | [1 4 5 2 3 0] | 1390.364292
itr10 | [0 5 1 3 4 2] | 725.414495
itr11 | [3 2 1 0 4 5] | 2036.246229
itr12 | [3 0 4 1 2 5] | 2018.016084
itr13 | [5 3 0 4 2 1] | 1579.809370
itr14 | [4 0 3 1 5 2] | 802.455920
itr15 | [3 0 5 1 4 2] | 619.950738
itr16 | [0 5 4 1 2 3] | 2971.734276
itr17 | [4 3 1 2 5 0] | 1997.647871
itr18 | [2 0 3 4 5 1] | 932.683644
itr19 | [0 5 1 2 3 4] | 2014.081723
itr20 | [5 2 3 1 0 4] | 626.997820
itr21 | [4 1 0 2 3 5] | 2685.847709
itr22 | [1 4 0 2 5 3] | 864.348373
itr23 | [0 2 4 1 3 5] | 897.889026
itr24 | [3 0 2 4 1 5] | 628.608175


[[ 2  5]
 [16  0]
 [21  4]
 [11  3]
 [12  3]
 [19  0]
 [17  4]
 [ 3  4]
 [13  5]
 [ 2  1]
 [ 9  1]
 [ 1  3]
 [16  5]
 [ 1  5]
 [ 2  2]]
3149.55447001
2971.73427579
2685.84770948
2036.24622914
2018.01608393
2014.08172325
1997.64787133
1957.3752628
1579.80937029
1508.63323049
1390.36429184
1026.38336471
1017.30431053
1009.38181047
982.168525001




ITR 1

itr00 | [3 1 4 2 5 0] | 1021.672466
itr01 | [3 5 1 4 2 0] | 887.302142
itr02 | [5 0 1 4 3 2] | 3003.463837
itr03 | [4 0 3 2 1 5] | 935.948593
itr04 | [4 3 1 2 0 5] | 610.446473
itr05 | [2 5 4 1 3 0] | 639.591711
itr06 | [3 2 5 1 4 0] | 572.800306
itr07 | [1 4 0 2 3 5] | 589.525316
itr08 | [2 0 1 3 5 4] | 607.030702
itr09 | [1 3 4 5 0 2] | 1949.581450
itr10 | [1 5 4 2 3 0] | 588.504412
itr11 | [1 2 5 4 0 3] | 730.964549
itr12 | [4 2 0 5 3 1] | 642.251056
itr13 | [3 2 4 0 5 1] | 682.957742
itr14 | [2 0 4 3 5 1] | 1757.452964
itr15 | [3 0 1 2 5 4] | 574.389296
itr16 | [1 4 2 3 5 0] | 566.012700
itr17 | [4 0 3 2 5 1] | 644.504858
itr18 | [3 5 4 0 2 1] | 557.325825
itr19 | [1 0 4 2 3 5] | 599.234678
itr20 | [2 5 1 4 0 3] | 633.042513
itr21 | [0 2 4 3 1 5] | 619.651425
itr22 | [0 3 2 4 1 5] | 597.426309
itr23 | [1 2 5 4 0 3] | 679.199694
itr24 | [0 4 3 5 1 2] | 624.767061


[[ 2  5]
 [ 9  1]
 [14  2]
 [ 0  3]
 [ 0  1]
 [ 3  4]
 [ 0  4]
 [ 1  3]
 [ 0  2]
 [ 0  5]
 [ 1  5]
 [ 1  1]
 [14  0]
 [ 9  3]
 [11  1]]
3003.46383733
1949.58144967
1757.4529635
1021.67246637
938.814426444
935.94859301
901.771252091
887.302141995
839.338545206
801.377533875
776.605836619
768.839278318
763.424347587
737.593902662
730.96454858



ITR 2

itr00 | [3 1 4 2 5 0] | 998.236267
itr01 | [3 1 5 4 0 2] | 905.019137
itr02 | [1 0 4 2 3 5] | 944.358029
itr03 | [0 3 1 2 4 5] | 782.086993
itr04 | [1 4 3 0 2 5] | 648.510975
itr05 | [2 5 1 3 0 4] | 619.624505
itr06 | [3 5 2 0 1 4] | 568.105787
itr07 | [4 2 3 0 1 5] | 606.658640
itr08 | [2 0 3 1 5 4] | 576.058362
itr09 | [5 2 0 1 3 4] | 625.794936
itr10 | [5 1 3 4 2 0] | 4154.704589
itr11 | [2 1 5 4 3 0] | 3975.161797
itr12 | [3 2 5 0 1 4] | 535.088043
itr13 | [3 4 2 5 0 1] | 532.832552
itr14 | [4 5 3 0 1 2] | 743.649270
itr15 | [3 0 1 4 2 5] | 2464.268250
itr16 | [5 4 3 2 1 0] | 3218.478365
itr17 | [4 2 0 5 3 1] | 569.249476
itr18 | [3 5 2 4 0 1] | 532.203809
itr19 | [1 3 5 2 0 4] | 523.264872
itr20 | [5 2 1 4 3 0] | 649.325672
itr21 | [4 0 3 2 1 5] | 510.250643
itr22 | [4 1 5 2 0 3] | 510.210858
itr23 | [4 0 1 2 5 3] | 883.100779
itr24 | [3 0 1 2 4 5] | 564.049262


[[10  5]
 [11  2]
 [16  5]
 [15  3]
 [ 0  3]
 [ 2  1]
 [ 0  1]
 [ 1  3]
 [ 0  4]
 [ 2  0]
 [23  4]
 [ 2  4]
 [ 0  2]
 [ 0  5]
 [11  1]]
4154.70458943
3975.16179718
3218.47836544
2464.26824983
998.236267041
944.358028907
936.596964778
905.019137075
902.723566514
888.046224814
883.100778964
848.018325138
837.752993949
801.410735672
783.907645313



